82 refugees/day
pool: 10
generation: 13
crossover: .7

902.3333333333334
[13 28 24 27 8]
859
[13 28 24 25 8]
840.3333333333334
[13 28 24 25 8]
842.6666666666666
[13 28 24 25 8]
observer> show generation
observer: 5
821.3333333333334
[13 28 24 25 8]
840.3333333333334
[13 28 11 25 8]
824.3333333333334
[13 28 11 25 8]
825.6666666666666
[13 28 11 25 8]
833.3333333333334
[13 28 11 25 8]
observer> show generation
observer: 10
816.3333333333334
[13 28 11 25 8]
845.3333333333334
[13 28 11 25 8]
839
[13 28 11 25 8]
824.3333333333334
[13 28 10 25 8]

41 refugees/day
pool: 10
generation: 24
crossover: .7

1192.6666666666667
[10 21 69 1 1]
1159.6666666666667
[10 21 69 1 1]
1165.3333333333333
[10 22 69 1 1]
1152
[10 22 69 1 1]
1145
[10 22 69 1 1]
1163
[10 22 69 1 1]
1141.6666666666667
[10 22 69 1 1]
1168.3333333333333
[10 22 69 1 1]
1161.6666666666667
[10 24 69 1 3]
1178.6666666666667
[10 22 69 8 3]
1169.3333333333333
[10 24 69 39 8]
1120.6666666666667
[7 24 69 8 3]
1144
[10 24 69 38 21]
1119.3333333333333
[7 24 19 8 21]
1087.3333333333333
[7 24 19 8 21]
1083.3333333333333
[7 24 19 8 21]
1087
[7 24 19 8 21]
1102.3333333333333
[7 24 19 8 21]
1093.3333333333333
[7 24 19 8 21]
1094.6666666666667
[7 24 19 8 21]
1099
[7 25 19 8 21]
1109.6666666666667
[7 25 19 8 21]
1125
[7 25 19 8 21]
1101
[7 25 19 8 21]


41 refugees/day
pool: 10
generation: 10
crossover: 1
1191.3333333333333
[13 6 2 30 9]
1178.6666666666667
[13 12 4 2 51]
1166.3333333333333
[13 12 4 2 51]
1166
[13 12 4 2 51]
1169.6666666666667
[13 12 1 2 51]
1181
[13 12 4 2 51]
1174.6666666666667
[0 6 1 2 51]
1154.3333333333333
[0 6 1 2 51]
1162.6666666666667
[0 6 1 2 51]
1176
[0 6 1 2 51]

41 refugees/day
pool: 30
generation: 22
crossover: .85
1191.3333333333333
[13 6 2 30 9]
1178.6666666666667
[13 12 4 2 51]
1166.3333333333333
[13 12 4 2 51]
1166
[13 12 4 2 51]
1169.6666666666667
[13 12 1 2 51]
1181
[13 12 4 2 51]
1174.6666666666667
[0 6 1 2 51]
1154.3333333333333
[0 6 1 2 51]
1162.6666666666667
[0 6 1 2 51]
1176
[0 6 1 2 51]
1131.3333333333333
[1 6 1 2 51]
1180.6666666666667
[1 6 8 2 51]
1113
[9 18 50 18 1]
1100
[9 25 59 1 1]
1043
[8 23 15 15 14]
1021
[8 23 15 15 14]
1020
[8 23 15 15 14]
1028
[8 23 15 15 20]
1049
[8 23 15 15 14]
1037
[8 23 15 15 14]
1066
[8 23 15 15 14]
1044
[8 23 40 15 14]
1025
[8 23 40 15 14]
1052
[8 23 15 18 14]
1022
[7 23 15 18 14]
1089
[7 20 40 15 14]
1067
[7 20 40 15 14]
1039
[7 20 40 15 14]
1040
[7 20 40 15 14]
1056
[7 20 40 15 14]
1035
[7 20 40 15 14]
1038
[7 20 40 15 14]
1032
[7 20 40 15 14]
1017
[0 20 40 15 14]

41 refugees/day
pool: 6
generation: 110
crossover: .85
1072
[8 42 55 0 3]
1208
[18 16 5 21 33]
1168
[18 16 5 21 33]
1160
[18 16 5 21 32]
1264
[29 54 15 2 1]
1248
[29 54 40 2 1]
1202
[26 6 12 2 1]
1207
[26 6 12 2 1]
1250
[33 6 11 2 1]
1197
[33 6 11 2 1]
1209
[27 6 62 0 1]
1211
[27 6 62 0 1]
1209
[26 6 62 0 1]
1198
[1 6 62 7 1]
1195
[1 6 62 7 1]
1183
[4 6 62 7 1]
1138
[1 6 62 7 1]
1116
[1 6 62 10 1]
1159
[1 6 12 7 14]
1117
[1 6 11 7 14]
1141
[1 6 12 10 1]
1116
[1 6 12 10 1]
1142
[1 3 12 10 1]
1104
[1 6 12 10 1]
1203
[3 6 11 10 1]
1160
[3 6 11 11 1]
1156
[3 6 11 11 1]
1184
[9 6 11 11 1]
1189
[9 31 11 11 1]
1133
[3 31 11 11 1]
1067
[9 12 24 36 3]
1098
[9 12 24 36 3]
1057
[9 12 24 36 3]
1090
[9 12 11 36 4]
1044
[9 12 49 86 3]
1094
[9 12 49 36 3]
1109
[8 12 49 86 3]
1086
[8 12 49 86 3]
1096
[8 12 49 36 3]
1097
[9 12 49 36 15]
1083
[9 12 49 36 40]
1106
[9 12 46 36 40]
1097
[9 12 46 36 40]
1058
[9 12 46 86 40]
1084
[9 12 46 86 40]
1093
[9 12 46 86 40]
1075
[8 12 46 99 40]
1120
[8 12 46 99 40]
1080
[8 12 46 99 40]
1085
[8 37 46 99 40]
1043
[8 37 46 99 40]
1093
[8 37 46 99 40]
1082
[8 37 46 99 40]
1069
[8 31 33 99 40]
1053
[8 31 33 99 40]
1081
[8 31 33 99 47]
1065
[8 31 33 99 47]
1073
[8 36 46 99 39]
1070
[8 31 33 99 47]
1038
[8 31 33 99 39]
1033
[8 31 33 99 39]
1072
[8 31 33 99 39]
1083
[8 29 33 99 39]
1056
[8 31 33 99 39]
1082
[8 31 33 24 39]
1096
[8 31 33 24 39]
1059
[8 31 33 24 40]
1059
[8 31 32 24 40]
1086
[8 31 33 18 40]
1048
[8 31 33 18 40]
1110
[8 31 33 18 40]
1040
[8 29 33 18 40]
1027
[8 31 33 18 40]
1073
[8 31 33 18 40]
1036
[7 29 33 18 40]
1030
[8 29 33 18 40]
1066
[8 29 33 18 90]
1101
[8 29 33 18 90]
1059
[8 29 33 18 90]
1084
[8 29 33 18 90]
1088
[8 29 33 18 90]
1045
[8 29 33 18 90]
1032
[8 29 33 18 90]
1087
[9 29 33 18 90]
1060
[9 29 33 18 90]
1059
[9 29 33 18 90]
1136
[8 29 83 18 90]
1071
[8 29 75 18 93]
1147
[8 29 75 18 90]
1105
[11 36 90 17 68]
1154
[8 29 75 17 68]
1097
[8 29 90 17 68]
1091
[11 36 90 17 68]
1087
[7 29 75 17 68]
1126
[8 29 90 17 68]
1113
[8 29 25 17 68]
1069
[8 29 25 17 93]
1116
[8 29 25 42 93]
1060
[8 29 38 42 93]
1102
[7 29 38 42 93]
1053
[7 29 38 42 93]
1084
[8 29 38 42 93]
1072
[8 29 38 42 93]
1057
[8 29 38 42 93]
1043
[8 29 38 42 93]
1062
[8 29 38 42 93]
1049
[8 29 38 42 93]
1050
[8 29 38 42 93]
1069
[8 29 38 42 93]
1050
[8 29 38 42 0]
1071
[8 29 38 42 0]
1097
[8 29 38 42 1]
1101
[8 29 38 92 1]
1097
s

41 refugees/day
pool: 30
generation: 80
crossover: .85
1240
[50 37 10 1 2]
1070
[10 37 10 1 2]
1073
[10 37 10 4 2]
1090
[10 37 10 3 2]
1050
[10 37 10 1 2]
1074
[10 37 10 1 2]
1055
[10 37 10 1 2]
1074
[10 37 11 1 2]
1086
[10 37 11 51 2]
1082
[10 37 11 1 2]
1056
[10 37 11 1 2]
1047
[10 37 11 1 2]
1065
[10 37 11 1 2]
1074
[10 37 11 1 2]
1072
[10 36 11 1 2]
1080
[10 37 11 1 52]
1045
[10 36 11 1 2]
1054
[10 37 11 1 52]
1084
[10 37 11 1 52]
1072
[10 37 10 1 50]
1080
[10 37 10 1 50]
1060
[10 37 10 1 50]
1035
[10 37 10 1 52]
1072
[10 37 7 1 50]
1073
[10 31 8 1 50]
1056
[10 37 10 4 52]
1029
[10 31 8 1 50]
1055
[10 31 8 4 52]
1048
[10 31 8 4 52]
1037
[10 31 8 7 52]
1055
[10 31 8 7 52]
1080
[10 31 8 7 52]
1052
[10 31 8 8 52]
1064
[10 31 8 8 52]
1105
[10 31 8 8 52]
1077
[10 31 8 8 52]
1073
[10 31 8 8 52]
1047
[10 31 21 8 52]
1042
[10 31 21 8 50]
1058
[10 31 21 8 50]
1030
[10 31 21 8 52]
1048
[10 31 8 8 50]
1072
[10 31 8 8 50]
1050
[11 31 8 8 50]
1077
[10 31 58 11 50]
1087
[10 31 58 8 50]
1102
[10 31 58 8 50]
1083
[10 37 58 8 50]
1071
[10 37 58 8 50]
1057
[10 31 58 8 50]
1064
[10 37 58 8 50]
1069
[10 37 58 8 50]
1093
[10 37 58 8 50]
1065
[10 37 61 8 50]
1080
[10 37 61 8 69]
1092
[0 37 58 8 69]
1060
[10 37 58 8 69]
1046
[10 37 58 8 69]
1075
[10 37 58 8 69]
1063
[10 37 58 8 69]
1075
[10 37 58 8 19]
1050
[10 37 58 8 19]
1064
[10 37 58 8 19]
1059
[10 37 58 8 19]
1071
[10 37 58 7 19]
1059
[10 37 58 8 19]
1033
[10 37 58 8 19]
1068
[10 37 58 8 19]
1054
[10 37 21 8 19]
1063
[10 34 21 8 19]
1081
[10 37 61 11 7]
1059
[10 37 61 11 7]
1069
[10 37 61 11 7]
1059
[10 34 61 11 7]
1086
[10 37 58 11 7]
1055
[10 37 61 11 7]
1064
[10 37 61 11 7]
1079
[10 34 60 12 7]
1077
[10 34 60 12 7]
1071
[10 34 85 12 7]

41 refugees/day
pool: 20
generation: 28
crossover: .85
1187
[19 41 15 9 22]
1166
[19 41 15 9 22]
1166
[19 41 15 59 22]
1190
[21 16 33 59 22]
1168
[21 18 33 59 19]
1150
[19 16 33 59 22]
1173
[19 16 33 59 22]
1173
[19 16 33 59 22]
1143
[19 16 33 59 24]
1150
[19 16 33 84 10]
1161
[19 16 33 84 66]
1135
[19 16 33 84 10]
1158
[19 16 33 84 10]
1163
[13 16 46 84 72]
1165
[13 16 46 84 72]
1086
[13 16 46 84 10]
1154
[13 16 33 84 10]
1120
[0 16 46 84 10]
1078
[0 16 46 84 10]
1068
[0 16 46 84 10]
1069
[0 16 46 84 10]
1058
[0 16 46 84 10]
1053
[0 16 46 95 10]
1094
[0 16 46 84 10]
1046
[2 16 46 95 10]
1082
[2 41 46 95 10]
1076
[2 22 46 95 10]
1064
[2 22 40 95 10]


41 refugees/day
pool: 14
generation: 13
crossover: .85
1200.2
[15 47 36 1 1]
1186.6
[15 22 36 1 1]
1194.6
[15 22 36 1 1]
1173
[15 22 36 1 1]
1179
[3 22 36 1 14]
1152.2
[3 22 36 1 14]
1129
[3 22 36 1 14]
1137
[3 22 36 1 14]
1099
[9 22 36 1 14]
1128.6
[3 22 36 1 15]
1119.6
[3 22 36 1 15]
1114.6
[3 22 36 1 15]
1128.2
[3 22 36 1 15]

pool: 30
crossover: .85
mutation: .029
1104
[4 38 40 17 0]
1098
[4 41 40 17 0]
1104
[4 38 40 17 0]
1077
[4 38 40 17 0]
1059
[4 38 40 17 0]
1042
[4 38 40 67 0]
1064
[4 38 40 67 0]
1059
[6 38 40 67 0]
1070
[5 38 40 67 0]
1131
[5 38 40 67 4]
1057
[5 38 40 67 4]
1040
[5 25 40 67 4]
1040
[5 25 40 67 4]
1044
[5 25 40 67 11]
1047
[5 25 39 67 11]
1055
[5 25 40 67 11]
1072
[5 25 40 67 11]
1021
[5 25 40 67 4]
1033
[5 25 40 67 4]
1074
[5 25 40 67 1]
1051
[5 25 40 67 4]
1082
[5 26 40 67 4]
1026
[5 26 40 66 4]
1061
[4 26 39 66 4]
1038
[5 26 39 66 4]
1040
[4 26 39 66 4]
1015
[4 26 39 72 6]
1044
[4 26 39 66 26]
1052
[4 26 39 66 4]
1047
[4 26 39 66 4]
1045
[4 26 39 72 4]
1082
[4 26 39 69 4]
1025
[4 26 39 72 4]
1030
[4 26 39 57 4]
1040
[4 26 39 72 4]
1037
[4 29 39 57 4]
1053
[4 29 39 57 4]
1037
[4 26 39 57 4]
1070
[4 26 39 57 4]
1050
[6 26 39 57 4]
1052
[4 26 39 57 4]
1031
[4 26 39 50 4]
1047
[4 26 39 50 4]
1088
[4 26 39 57 4]
1034
[4 26 45 50 4]
1058
[4 26 45 57 4]
1052
[4 26 44 57 4]
1034
[4 26 46 50 4]
1085
[4 26 46 63 4]
1069
[4 26 47 57 4]
1105
[4 26 47 57 4]
1069
[4 26 39 57 11]
1021
[4 26 39 57 11]
1042
[4 26 39 57 11]
1039
[4 26 39 57 11]
1041
[4 26 39 69 11]
1064
[4 26 39 72 11]
1088
[4 39 39 72 11]
1060
[4 26 39 72 11]
1037
[4 26 39 72 11]
1038
[4 26 39 72 11]
1050
[4 26 39 73 11]
1048
[4 26 39 73 11]
1041
[4 26 39 73 11]
1055
[4 26 39 73 11]
1052
[4 26 39 73 11]
1037
[6 26 39 73 11]
1036
[6 26 39 73 11]
1047
[6 26 39 73 11]
1056
[6 26 39 73 11]
1042
[6 26 39 73 11]
1062
[6 26 39 73 11]
1042
[6 26 39 73 11]
1038
[6 26 39 73 11]
1057
[6 26 39 73 11]
1027
[6 25 39 73 11]
1051
[6 25 39 73 11]
1049
[6 25 39 73 58]
1094
[6 33 39 73 58]
1025
[5 33 39 73 58]
1018
[5 33 39 61 58]
1054
[5 33 39 61 58]

pool: 14
mutation: .5 NEW METHOD
1216
[27 46 14 3 0]
1214
[27 46 14 3 0]
1027
[9 18 26 18 25]
1026
[9 23 26 13 25]
1090
[9 6 27 29 25]
1061
[9 23 11 28 25]
1084
[9 23 12 13 39]
1091
[9 23 12 13 39]
1059
[9 23 12 31 21]
1039
[9 23 12 13 39]
1078
[9 23 12 13 39]
1102
[9 23 12 22 30]
1075
[9 23 28 13 23]
1038
[9 23 28 13 23]
1118
[9 31 12 13 31]
1061
[9 23 32 13 19]
1109
[9 23 32 13 19]
1076
[9 29 12 13 33]
1081
[9 24 31 13 19]
1023
[9 24 31 13 19]
1034
[9 24 25 19 25]
1061
[9 24 25 19 25]
1037
[9 24 25 19 25]
1089
[9 24 21 23 21]
1059
[9 24 21 23 21]
1054
[9 24 25 19 25]
1054
[9 27 18 23 18]
1054
[9 27 18 23 18]
1047
[9 29 20 19 20]
1044
[9 24 18 26 18]
1043
[9 24 18 26 18]
1063
[9 26 23 19 23]
1048
[9 24 18 26 18]
1079
[9 26 23 19 23]
1096
[9 24 18 26 18]
1036
[9 21 23 21 23]
1027
[9 21 23 21 23]
1083
[10 24 18 25 18]
1034
[9 21 23 21 23]
1053
[9 21 23 21 23]
1076
[10 21 22 21 22]
1028
[9 21 23 21 23]
1026
[9 21 23 21 23]
1084
[9 21 23 21 23]
1040
[9 21 23 21 23]
1033
[9 21 23 21 23]
1069
[9 21 23 21 23]
1029
[9 21 23 21 23]
1104
[9 22 22 22 22]
1088
[9 22 22 22 22]
1080
[9 22 22 22 22]
1066
[9 22 22 22 22]
1141
[9 22 22 22 22]
1077
[9 22 22 22 22]
1072
[9 22 22 22 22]
1071
[9 22 22 22 22]
1075
[9 22 22 22 22]
1066
[9 22 22 22 22]
1037
[9 22 22 22 22]
1105
[9 22 22 22 22]
1053
[9 22 22 22 22]
1047
[9 22 22 22 22]
1055
[9 22 22 22 22]
1103
[9 22 22 22 22]
1084
[9 22 22 22 22]

pool 14
mutation .029
got rid of spain issue, min f1 = 15
1115
[15 45 37 5 8]
1151
[15 45 37 5 2]
1155
[15 45 37 5 2]
1122
[18 45 37 11 2]
1183
[18 45 37 11 2]
1182
[15 45 57 5 27]
1137
[15 45 57 5 27]
1124
[15 45 50 11 15]
1190
[15 45 50 24 15]
1189
[15 45 50 5 15]
1140
[15 20 54 5 15]
1129
[15 20 50 5 40]
1140
[15 20 50 4 40]
1161
[15 20 50 4 40]
1114
[15 20 50 4 90]
1139
[15 19 50 4 40]
1122
[15 19 50 1 40]
1115
[15 19 50 1 40]
1149
[15 21 22 32 8]
1141
[17 16 1 13 21]
1138
[15 21 22 32 8]
1131
[15 19 22 32 8]
1140
[15 20 17 34 8]
1123
[15 20 14 35 8]
1128
[15 14 14 37 8]
1125
[15 14 14 35 8]
1127
[15 14 14 35 8]
1135
[15 20 14 35 8]
1139
[15 14 14 35 8]
1135
[20 10 28 26 5]
1131
[15 14 14 35 8]
1141
[15 14 28 26 5]
1109
[15 13 14 36 8]
1128
[15 13 14 36 8]
1141
[15 13 25 35 8]
1121
[15 13 25 35 8]
1137
[15 13 25 35 8]
1122
[15 12 24 34 8]
1129
[15 12 24 34 8]
1122
[15 12 24 34 8]
1128
[19 11 22 32 7]
1123
[15 12 24 34 8]
1139
[15 12 24 34 8]
1117
[15 12 24 34 8]
1139
[15 11 24 33 7]
1127
[15 12 24 33 7]
1135
[16 12 23 29 7]
1121
[15 12 23 29 7]
1108
[15 10 20 29 7]
1124
[15 11 24 33 7]
1139
[15 11 24 33 7]
1151
[15 27 19 27 5]
1130
[15 11 24 33 7]
1087
[15 10 23 33 6]
1138
[15 10 23 33 7]
1134
[15 10 23 33 7]
1156
[16 10 24 35 0]
1142
[15 10 23 33 7]
1124
[15 9 22 32 7]
1127
[20 9 21 32 7]
1135
[15 6 14 21 38]
1140
[15 6 14 21 32]
1138
[15 5 18 28 17]
1139
[15 8 14 21 32]
1161
[15 8 14 21 32]
1127
[15 8 14 21 32]
1158
[15 7 13 21 31]
1141
[15 8 14 22 30]
1148
[15 6 13 20 30]
