1192.6666666666667
[10 21 69 1 1]
1159.6666666666667
[10 21 69 1 1]
1165.3333333333333
[10 22 69 1 1]
1152
[10 22 69 1 1]
1145
[10 22 69 1 1]
1163
[10 22 69 1 1]
1141.6666666666667
[10 22 69 1 1]
1168.3333333333333
[10 22 69 1 1]
1161.6666666666667
[10 24 69 1 3]
1178.6666666666667
[10 22 69 8 3]
1169.3333333333333
[10 24 69 39 8]
1120.6666666666667
[7 24 69 8 3]
1144
[10 24 69 38 21]
1119.3333333333333
[7 24 19 8 21]
1087.3333333333333
[7 24 19 8 21]
1083.3333333333333
[7 24 19 8 21]
1087
[7 24 19 8 21]
1102.3333333333333
[7 24 19 8 21]
1093.3333333333333
[7 24 19 8 21]
1094.6666666666667
[7 24 19 8 21]
1099
[7 25 19 8 21]
1109.6666666666667
[7 25 19 8 21]
1125
[7 25 19 8 21]
1101
[7 25 19 8 21]
1191.3333333333333
[13 6 2 30 9]
1178.6666666666667
[13 12 4 2 51]
1166.3333333333333
[13 12 4 2 51]
1166
[13 12 4 2 51]
1169.6666666666667
[13 12 1 2 51]
1181
[13 12 4 2 51]
1174.6666666666667
[0 6 1 2 51]
1154.3333333333333
[0 6 1 2 51]
1162.6666666666667
[0 6 1 2 51]
1176
[0 6 1 2 51]
1191.3333333333333
[13 6 2 30 9]
1178.6666666666667
[13 12 4 2 51]
1166.3333333333333
[13 12 4 2 51]
1166
[13 12 4 2 51]
1169.6666666666667
[13 12 1 2 51]
1181
[13 12 4 2 51]
1174.6666666666667
[0 6 1 2 51]
1154.3333333333333
[0 6 1 2 51]
1162.6666666666667
[0 6 1 2 51]
1176
[0 6 1 2 51]
1131.3333333333333
[1 6 1 2 51]
1180.6666666666667
[1 6 8 2 51]
1113
[9 18 50 18 1]
1100
[9 25 59 1 1]
1043
[8 23 15 15 14]
1021
[8 23 15 15 14]
1020
[8 23 15 15 14]
1028
[8 23 15 15 20]
1049
[8 23 15 15 14]
1037
[8 23 15 15 14]
1066
[8 23 15 15 14]
1044
[8 23 40 15 14]
1025
[8 23 40 15 14]
1052
[8 23 15 18 14]
1022
[7 23 15 18 14]
1089
[7 20 40 15 14]
1067
[7 20 40 15 14]
1039
[7 20 40 15 14]
1040
[7 20 40 15 14]
1056
[7 20 40 15 14]
1035
[7 20 40 15 14]
1038
[7 20 40 15 14]
1032
[7 20 40 15 14]
1017
[0 20 40 15 14]
1072
[8 42 55 0 3]
1208
[18 16 5 21 33]
1168
[18 16 5 21 33]
1160
[18 16 5 21 32]
1264
[29 54 15 2 1]
1248
[29 54 40 2 1]
1202
[26 6 12 2 1]
1207
[26 6 12 2 1]
1250
[33 6 11 2 1]
1197
[33 6 11 2 1]
1209
[27 6 62 0 1]
1211
[27 6 62 0 1]
1209
[26 6 62 0 1]
1198
[1 6 62 7 1]
1195
[1 6 62 7 1]
1183
[4 6 62 7 1]
1138
[1 6 62 7 1]
1116
[1 6 62 10 1]
1159
[1 6 12 7 14]
1117
[1 6 11 7 14]
1141
[1 6 12 10 1]
1116
[1 6 12 10 1]
1142
[1 3 12 10 1]
1104
[1 6 12 10 1]
1203
[3 6 11 10 1]
1160
[3 6 11 11 1]
1156
[3 6 11 11 1]
1184
[9 6 11 11 1]
1189
[9 31 11 11 1]
1133
[3 31 11 11 1]
1067
[9 12 24 36 3]
1098
[9 12 24 36 3]
1057
[9 12 24 36 3]
1090
[9 12 11 36 4]
1044
[9 12 49 86 3]
1094
[9 12 49 36 3]
1109
[8 12 49 86 3]
1086
[8 12 49 86 3]
1096
[8 12 49 36 3]
1097
[9 12 49 36 15]
1083
[9 12 49 36 40]
1106
[9 12 46 36 40]
1097
[9 12 46 36 40]
1058
[9 12 46 86 40]
1084
[9 12 46 86 40]
1093
[9 12 46 86 40]
1075
[8 12 46 99 40]
1120
[8 12 46 99 40]
1080
[8 12 46 99 40]
1085
[8 37 46 99 40]
1043
[8 37 46 99 40]
1093
[8 37 46 99 40]
1082
[8 37 46 99 40]
1069
[8 31 33 99 40]
1053
[8 31 33 99 40]
1081
[8 31 33 99 47]
1065
[8 31 33 99 47]
1073
[8 36 46 99 39]
1070
[8 31 33 99 47]
1038
[8 31 33 99 39]
1033
[8 31 33 99 39]
1072
[8 31 33 99 39]
1083
[8 29 33 99 39]
1056
[8 31 33 99 39]
1082
[8 31 33 24 39]
1096
[8 31 33 24 39]
1059
[8 31 33 24 40]
1059
[8 31 32 24 40]
1086
[8 31 33 18 40]
1048
[8 31 33 18 40]
1110
[8 31 33 18 40]
1040
[8 29 33 18 40]
1027
[8 31 33 18 40]
1073
[8 31 33 18 40]
1036
[7 29 33 18 40]
1030
[8 29 33 18 40]
1066
[8 29 33 18 90]
1101
[8 29 33 18 90]
1059
[8 29 33 18 90]
1084
[8 29 33 18 90]
1088
[8 29 33 18 90]
1045
[8 29 33 18 90]
1032
[8 29 33 18 90]
1087
[9 29 33 18 90]
1060
[9 29 33 18 90]
1059
[9 29 33 18 90]
1136
[8 29 83 18 90]
1071
[8 29 75 18 93]
1147
[8 29 75 18 90]
1105
[11 36 90 17 68]
1154
[8 29 75 17 68]
1097
[8 29 90 17 68]
1091
[11 36 90 17 68]
1087
[7 29 75 17 68]
1126
[8 29 90 17 68]
1113
[8 29 25 17 68]
1069
[8 29 25 17 93]
1116
[8 29 25 42 93]
1060
[8 29 38 42 93]
1102
[7 29 38 42 93]
1053
[7 29 38 42 93]
1084
[8 29 38 42 93]
1072
[8 29 38 42 93]
1057
[8 29 38 42 93]
1043
[8 29 38 42 93]
1062
[8 29 38 42 93]
1049
[8 29 38 42 93]
1050
[8 29 38 42 93]
1069
[8 29 38 42 93]
1050
[8 29 38 42 0]
1071
[8 29 38 42 0]
1097
[8 29 38 42 1]
1101
[8 29 38 92 1]
1097
[8 29 38 42 51]
1240
[50 37 10 1 2]
1070
[10 37 10 1 2]
1073
[10 37 10 4 2]
1090
[10 37 10 3 2]
1050
[10 37 10 1 2]
1074
[10 37 10 1 2]
1055
[10 37 10 1 2]
1074
[10 37 11 1 2]
1086
[10 37 11 51 2]
1082
[10 37 11 1 2]
1056
[10 37 11 1 2]
1047
[10 37 11 1 2]
1065
[10 37 11 1 2]
1074
[10 37 11 1 2]
1072
[10 36 11 1 2]
1080
[10 37 11 1 52]
1045
[10 36 11 1 2]
1054
[10 37 11 1 52]
1084
[10 37 11 1 52]
1072
[10 37 10 1 50]
1080
[10 37 10 1 50]
1060
[10 37 10 1 50]
1035
[10 37 10 1 52]
1072
[10 37 7 1 50]
1073
[10 31 8 1 50]
1056
[10 37 10 4 52]
1029
[10 31 8 1 50]
1055
[10 31 8 4 52]
1048
[10 31 8 4 52]
1037
[10 31 8 7 52]
1055
[10 31 8 7 52]
1080
[10 31 8 7 52]
1052
[10 31 8 8 52]
1064
[10 31 8 8 52]
1105
[10 31 8 8 52]
1077
[10 31 8 8 52]
1073
[10 31 8 8 52]
1047
[10 31 21 8 52]
1042
[10 31 21 8 50]
1058
[10 31 21 8 50]
1030
[10 31 21 8 52]
1048
[10 31 8 8 50]
1072
[10 31 8 8 50]
1050
[11 31 8 8 50]
1077
[10 31 58 11 50]
1087
[10 31 58 8 50]
1102
[10 31 58 8 50]
1083
[10 37 58 8 50]
1071
[10 37 58 8 50]
1057
[10 31 58 8 50]
1064
[10 37 58 8 50]
1069
[10 37 58 8 50]
1093
[10 37 58 8 50]
1065
[10 37 61 8 50]
1080
[10 37 61 8 69]
1092
[0 37 58 8 69]
1060
[10 37 58 8 69]
1046
[10 37 58 8 69]
1075
[10 37 58 8 69]
1063
[10 37 58 8 69]
1075
[10 37 58 8 19]
1050
[10 37 58 8 19]
1064
[10 37 58 8 19]
1059
[10 37 58 8 19]
1071
[10 37 58 7 19]
1059
[10 37 58 8 19]
1033
[10 37 58 8 19]
1068
[10 37 58 8 19]
1054
[10 37 21 8 19]
1063
[10 34 21 8 19]
1081
[10 37 61 11 7]
1059
[10 37 61 11 7]
1069
[10 37 61 11 7]
1059
[10 34 61 11 7]
1086
[10 37 58 11 7]
1055
[10 37 61 11 7]
1064
[10 37 61 11 7]
1079
[10 34 60 12 7]
1077
[10 34 60 12 7]
1071
[10 34 85 12 7]
